Fitting values: massa1/
    m = 49.094785
    c = 65.748465
    k = 251382.060359
   wn = 71.556561
   xi = 0.009358
Fitting values: massa2/
    m = 25.615052
    c = 77.604000
    k = 205004.602484
   wn = 89.461090
   xi = 0.016933
Fitting values: massa3/
    m = 9.045743
    c = 75.787389
    k = 165104.004534
   wn = 135.100412
   xi = 0.031007
Fitting values: massa4/
    m = 8.806185
    c = 159.335317
    k = 104874.777821
   wn = 109.129365
   xi = 0.082900